image: Example_map_obst.png
#image: Example_map_obst.png
resolution: 0.062500
origin: [-78.21853769831466,-44.37590462453829, 0.000000]
negate: 0
occupied_thresh: 0.45
free_thresh: 0.196
# Initial states for Catalunya track:
initial_heading:   0.785 # 3.14/4
initial_x:   0.0
initial_y:   0.0
