image: Oschersleben_map.png
resolution: 0.04295
origin: [-55.07650228661655,-33.57884064395765, 0.000000]
negate: 0
occupied_thresh: 0.45
free_thresh: 0.196
# Initial states for Catalunya track:
initial_heading:   2.8354166
initial_x:   0.0
initial_y:   0.0
